# Created by Octave 4.0.3, Tue Feb 14 23:49:13 2017 CET <dis@MMMarkidis>
# name: x2
# type: matrix
# rows: 1000
# columns: 3
 0.5563701972035624 -0.02746805536074789 0.4764956598583079
 0.5080652693053517 -0.02468058617508031 0.508679862515881
 0.3699101147939285 -0.01768378764581296 0.624629455847827
 0.1858003452418199 -0.007949026537035483 0.8155007363617118
 0.2174313823491683 -0.03144192568601288 0.7172909051838043
 -0.1569838573253625 0.4059665070667754 0.03069166734309189
 -0.4478814230681581 0.631419888523451 -0.1947909296517688
 -0.4999773378463463 0.6707628937589699 -0.2884261981336743
 0.2265255510079163 0.3481106603406455 -0.328139458422065
 0.3801875019898635 0.1115721491723988 0.2551922529379265
 0.246353489906038 -0.03945821800412858 0.7010099822363687
 0.02749416143628537 0.08358751011912383 0.7172351008124855
 0.09849179040243336 0.05845591580866821 0.6935737968717628
 0.03453814904048687 0.1916610368504557 0.3176371136519004
 0.3719211371031904 0.1348806413649927 0.09261877888410627
 0.2865608249016723 -0.01182831392269589 0.6894443998061489
 0.2172544167779526 -0.01127259257538624 0.7947619265481156
 0.2429676855236585 0.05465936001186722 0.5980471459439133
 -0.2099023298319109 0.4998074344550776 -0.06953327696007722
 -0.2152838436117167 0.5363688269788658 -0.1439694497814042
 -0.1220006665478768 0.3486967129494057 0.140509369376981
 0.3904621467320553 0.1679745574081624 -0.2297845536417607
 -0.03785379735707873 0.5104262062242374 -0.318043922842745
 -0.006035593899800186 0.3814007619914158 0.02519734184412917
 0.7206903417849695 -0.02286821644163328 0.3486853664480806
 -0.03421918151930654 0.4316738814343571 -0.03111136057522083
 0.1880060097839084 -0.0001943694981359236 0.8397933319010422
 0.2724342176830141 0.006129779986379974 0.7609422409152558
 0.06816118682119662 0.3360436916492063 0.1118401011681638
 -0.2309474981109463 0.4571913811890831 0.06239094755591014
 -0.1044416992503733 0.4217099132850049 0.02156110929897354
 0.1020504492619483 0.1350561542076597 0.5817321624148367
 0.08357159575295992 0.0521657094508922 0.6945186560027253
 0.2140774649719008 0.01332931185205461 0.7472171225180447
 0.3534700318297122 -0.01318226808588912 0.6789757957342825
 0.05786882813754675 0.1231359821181254 0.6451567034562623
 0.4379966336026275 -0.003377857495502038 0.6328605944477046
 0.1913075100519876 0.01699514850481953 0.8018066979945531
 0.1806991288925496 0.01703860960297746 0.7988239549033535
 0.01238055798873287 0.2545186654766388 0.3610266782686904
 -0.1500152267674735 0.3220159051242988 0.3337089010888873
 0.3792195468833096 0.3035470011728279 -0.05328743305353871
 0.7050092237267539 0.1471113685942448 -0.08414410047220974
 0.2917289957608696 0.2874827354391475 -0.1141252244511875
 1.027106588372498 0.02499758339632422 -0.01752053323146302
 -0.4052080168012577 0.5294356937058723 0.01844558731305803
 0.3190759729882009 0.03227586203273177 0.6597501043052632
 0.4965054408519485 0.03477042506726865 0.5092896361453094
 0.3153727034762691 0.0169556280314857 0.6684985550023813
 -0.08626719857298118 0.3788001147107676 0.1313378548596819
 -0.6516264959310385 0.6899149273202324 -0.1883569063548056
 0.04034695645721377 0.1178047889506404 0.5459566909503318
 0.2516710744469451 0.03279604456215869 0.7095306280089432
 0.6329439904087766 -0.004565894634091447 0.3564359653907858
 0.3830088083837439 0.04556960210761971 0.2046950788370038
 0.6384108099750184 0.007118083920609239 -0.1403494410943454
 0.1325988184036474 0.4433054761331767 -0.3054855710802213
 -0.2376654856919589 0.175005621287887 0.4412950346145877
 -0.3008726854269748 0.3235403200660477 0.384815094103497
 -0.06998497616302475 0.273404612671112 0.3770599845295205
 0.1060236025416939 0.4298054230099642 -0.1603334251231175
 0.7406787990458634 -0.06517402540551148 0.19424656165486
 -0.6564290975565987 0.6546940391304643 -0.2532132168512727
 -0.02633596863557239 0.2599530507648458 -0.3329968890586686
 -0.2300569245524017 0.5429410828855126 -0.1421732097217602
 0.4917203651188515 0.01681886701041456 0.5269874811267212
 -0.2332982893259249 0.3830868068804818 0.1552515534021975
 -0.4354196170017217 0.4464502370997273 0.01894634763706889
 0.04611508429755512 -0.01425852868817082 0.7593567801603149
 0.9277109759108179 -0.01730773693778286 0.1100003322333908
 0.294301189371798 -0.006628950814440628 0.709638315120022
 -0.3489214950891464 0.3719625304116905 0.3638272108378398
 -0.3639428318777156 0.6498525429876304 -0.3107247772317435
 0.2442901696949409 0.1838300051436704 0.3476654487381782
 0.05343929693254847 0.2359933539332563 0.3620211027914993
 0.5407226722277805 0.01464571280850977 0.4111560686220878
 -0.03815527489497216 0.1675294520222949 0.5361506411417739
 -0.1047680857476152 0.1796144086297531 0.6267329837862988
 -0.3364128289580177 0.326085358185172 0.4275505078303428
 -0.30666220041269 0.3468515217528722 0.3476341669829137
 -0.5883558835921572 0.5966346773494062 -0.05740374944758676
 -0.564688569160828 0.6143905071128652 -0.06183635273627083
 0.03322173277957896 -0.04252696406987078 0.7284766488086383
 -0.003976612063974427 -0.294438981189524 0.1281828860576489
 -0.2198830100358577 -0.2755098742768959 -0.04413372444263283
 0.0201869805467105 -0.01591465731379703 0.8131680449926976
 -0.04949470725484392 -0.02881237644935759 0.9121181660123183
 -0.4707875399605057 0.4872165753410303 0.05988997634866178
 -0.7462243031653762 0.7332182123874907 -0.2909843796297212
 -0.6568157914832264 0.5863530485922893 -0.1132497526038885
 -0.573775477601427 0.5103156338663452 -0.3263780538675962
 -0.06346608317572511 0.001288268171606072 0.8364386033100082
 -0.3253110683005446 0.2346984929263779 0.4421152314163071
 -0.3378867400518172 0.2912808850406629 0.4480148175723407
 -0.7885513771998456 -0.7033299015324617 -0.333090214387389
 -0.2883553629579012 -0.1034472463230896 0.5272679291724163
 -0.2499852097161042 0.1057652218566843 0.5536262930256655
 -0.5480551269358229 -0.1005499705681497 0.09850496771323425
 -0.6140643770027183 0.5280490847232385 -0.3267889033885719
 0.8215374236095745 0.0293073939339769 -0.04346845543581959
 -0.47828361491194 0.4267444073600764 0.2189493497335232
 -0.6098094433007782 0.3746446796316017 0.003684352249174315
 -0.5570861755881698 0.0118304120125432 -0.005075427321618503
 -0.8118965437042667 0.2005447788658134 -0.3309560063526368
 -0.1782285121337094 0.02191010993995984 0.7089281899018817
 -0.6897906314736149 0.4247444113736244 -0.129374182212317
 -0.3438887634358428 0.2733909612802738 0.4282771938413457
 -0.1923309208598565 0.1720377327736286 0.6848964930144311
 -0.1813531281054672 0.1126845338145004 0.6563082774033111
 -0.2268562131945361 0.06391654403519471 0.62607404026284
 -0.3701239706947935 0.006784054365178566 0.3521668266628388
 -0.2471771421175466 -0.2577562954947505 0.5586503009883685
 -0.8140270382086645 0.7139526781791961 -0.3303087735534803
 -0.06556340422809409 -0.01004453268118433 0.7789810954857328
 -0.06562822105156155 -0.009600667828090138 0.87057189906171
 -0.04810225374774414 0.01886883986789964 0.9213988420924643
 -0.2005160577889065 0.1846768222958411 0.6415202128894703
 -0.1868581182111345 0.00758020698474017 0.6868666258586683
 -0.02663028144300358 -0.0178025564490164 0.943539752951614
 0.006627337763919669 -0.01303387412048846 0.9595594299486568
 -0.1589111922284994 0.1303583700246078 0.681873372036112
 -0.02902759872877983 0.04656019185510193 0.7337041430437066
 -0.3865925704314947 0.3894925641752587 0.3408722751123731
 -0.2419274700778327 0.2230048671303229 0.5886977241070426
 -0.105642779982505 -0.009495644105269423 0.8260053422854587
 -0.1101692463600314 0.05837151774979232 0.7543011866636431
 -0.6145158042331084 0.5464828779417183 -0.00662856321844071
 -0.6248376676062317 0.6004301600619811 -0.02307521293726977
 -0.6007974116195842 0.5561645504765357 0.01792857100654401
 -0.786048152476611 0.779768211321438 -0.2975353030747921
 -0.7965433503819431 0.7708593872093692 -0.3112452845700612
