# Created by Octave 4.0.3, Tue Feb 14 23:44:31 2017 CET <dis@MMMarkidis>
# name: x1
# type: matrix
# rows: 10
# columns: 3
# primi 10 samples analizzati sul modulo delle ampiezze
 0.5100935684955608 -0.08382723925030937 0.3224765950751318
 0.4547665281015831 -0.06143585084602132 0.3216576576576576
 0.3737050219398444 -0.04293993994985698 0.3730799271023172
 0.2965646456285139 -0.03187965073234379 0.5205068927134172
 0.2583428888595331 -0.06674781935340726 0.4137244251312693
 -0.01756292030968327 0.251257288512 0.0477026631548142
 -0.1321445157704227 0.4190094896410671 -0.06519201228878646
 -0.1796766201709998 0.4185686989670937 -0.1761292996270203
 0.158113421436125 0.2110997373541135 -0.2840869865377977
 0.2389746090520174 0.09603238919312551 0.140379403794038


# name: x2
# type: matrix
# rows: 10
# columns: 3
# primi 10 samples analizzati sul quadrato delle ampiezze
 0.5563701972035624 -0.02746805536074789 0.4764956598583079
 0.5080652693053517 -0.02468058617508031 0.508679862515881
 0.3699101147939285 -0.01768378764581296 0.624629455847827
 0.1858003452418199 -0.007949026537035483 0.8155007363617118
 0.2174313823491683 -0.03144192568601288 0.7172909051838043
 -0.1569838573253625 0.4059665070667754 0.03069166734309189
 -0.4478814230681581 0.631419888523451 -0.1947909296517688
 -0.4999773378463463 0.6707628937589699 -0.2884261981336743
 0.2265255510079163 0.3481106603406455 -0.328139458422065
 0.3801875019898635 0.1115721491723988 0.2551922529379265


