# Created by Octave 4.0.3, Tue Feb 14 23:50:43 2017 CET <dis@MMMarkidis>
# name: x1
# type: matrix
# rows: 1000
# columns: 3
 0.5100935684955608 -0.08382723925030937 0.3224765950751318
 0.4547665281015831 -0.06143585084602132 0.3216576576576576
 0.3737050219398444 -0.04293993994985698 0.3730799271023172
 0.2965646456285139 -0.03187965073234379 0.5205068927134172
 0.2583428888595331 -0.06674781935340726 0.4137244251312693
 -0.01756292030968327 0.251257288512 0.0477026631548142
 -0.1321445157704227 0.4190094896410671 -0.06519201228878646
 -0.1796766201709998 0.4185686989670937 -0.1761292996270203
 0.158113421436125 0.2110997373541135 -0.2840869865377977
 0.2389746090520174 0.09603238919312551 0.140379403794038
 0.3185074261762961 -0.1079572539250182 0.4306049822064058
 0.0567975670764379 0.1115756651012691 0.3915597464832277
 0.1155214062711411 0.07832206035238375 0.3685709200925432
 0.04995930210442265 0.1373468602408715 0.1639741518578352
 0.2061563068133551 0.09408475747186676 0.05810915766433666
 0.3139424959175282 -0.02742162898271803 0.4017940437746681
 0.3582813646137982 -0.06329143941008213 0.5306739196131762
 0.2256708579657073 0.07588405496125189 0.3202297177060584
 0.001400508715141829 0.3419241991682146 0.0113534264477661
 0.01968000523737056 0.3774982822804715 -0.0327764082899662
 -0.01009195867284736 0.2271642772963566 0.0991915422885572
 0.1892589765738334 0.09571718355458245 -0.1367673179396092
 0.07893892519002105 0.3249900655936334 -0.2457740484008269
 0.08306350498615392 0.2642126382006386 0.04906204906204906
 0.5790538603952728 -0.0666371506010433 0.2607879924953096
 0.1139419665989173 0.3360500397387425 0.03622722400857452
 0.3608406879853949 -0.001745065121906801 0.5852133301670228
 0.4104722111123044 0.03939516577238834 0.5123216601815823
 0.1421111212023808 0.2745373398471584 0.1020737513112241
 -0.01928993959014587 0.3392368686542895 0.09192124915139174
 0.04004930776878265 0.2923830966009975 0.05377563557319726
 0.1605933476896752 0.1858882705858512 0.3357348703170029
 0.09599959800252503 0.06649972153299913 0.3643600734843845
 0.2632690751256066 0.03130233058439628 0.4355663169222491
 0.4501780246683402 -0.06714423653014262 0.4526948878093917
 0.1216263792647297 0.1771388946819122 0.3714195782184451
 0.5362266485346683 -0.0275193546582316 0.4463350785340314
 0.3191030681099868 0.07690535585814347 0.5245423189174847
 0.2728706190147064 0.05499717902621989 0.495336787564767
 0.1020886582040397 0.2475649961447964 0.2247981245115915
 0.009916050113392166 0.3082990126163757 0.2345201950501427
 0.3218307691247971 0.2868167734098307 0.02189781021897816
 0.3715697331175002 0.1215176552083843 -0.01979166666666662
 0.1855810544366807 0.1837792966266158 -0.04450165502022803
 0.5801978288246115 0.03481186972947668 0.0430663221360896
 -0.1491785942838663 0.365164905091805 0.07763830776383081
 0.3797722192309712 0.09884482418340346 0.4142633579253297
 0.4803941225934157 0.103709633686232 0.3384310393656188
 0.339592341400908 0.04108821504023396 0.3949820788530467
 0.05446030155076265 0.2935145091069192 0.1156632525605796
 -0.3543149068154799 0.4501152221773537 -0.04343931930138827
 0.05417359118590788 0.1099691461797772 0.2763872334790094
 0.3180820342926661 0.08968235855310464 0.43210852100619
 0.4452770857769003 -0.007452336163630113 0.223426506940483
 0.213350809381734 0.0343788034074832 0.1075335397316822
 0.2959008927005519 0.004747073144928643 -0.06718346253229973
 0.1509920404367393 0.2854604236181373 -0.2188881135147708
 -0.1886122536661023 0.1176125509767348 0.2322621298046629
 -0.2045161531925964 0.248421044787064 0.2479195244627344
 0.03865713900852509 0.2518133260648783 0.2330383480825959
 0.1658380718534249 0.3083359706311824 -0.05717151454363087
 0.4773296059899534 -0.09314835448356702 0.148471615720524
 -0.3639038605317472 0.3613626324554082 -0.1283328146073244
 0.003154932692920137 0.1344001327183969 -0.3209685729005667
 0.02764661109236093 0.4045620756515483 -0.02483069977426637
 0.4400162821335981 0.0406472439997853 0.3265667794425648
 -0.08013104553623909 0.2475015358095125 0.1141010420788814
 -0.2296894400502889 0.2417951248240905 0.04747041227727927
 0.05654006863668561 -0.0194265876854253 0.4048295454545455
 0.5685345218680052 -0.02815505451474917 0.1159507965315588
 0.3475713047760698 -0.0194504623110696 0.4303469704816157
 -0.2425845426599863 0.3242649076568931 0.277422589946095
 -0.06017265052188454 0.4489805462017541 -0.218442932728647
 0.2479507999434932 0.2125292570944228 0.2181372549019608
 0.1147660014858855 0.2224264156377481 0.2158931082981715
 0.3916996287073088 0.02216081661312475 0.2409822582540242
 0.005825460765751467 0.154491219507729 0.2834855403348555
 -0.04699441693859176 0.2048152395986755 0.3667795219041756
 -0.3092422479079411 0.2741562234017896 0.3030095238095238
 -0.1877545296969285 0.264642117815882 0.2316727420008101
 -0.350604430380029 0.3680722667690696 0.0423797881010595
 -0.2919741844726597 0.416253158904331 0.04863188213138366
 0.04344251931266208 -0.05309641249325366 0.3833560709413369
 0.04444031206156446 -0.1890596326686894 0.08364083640836412
 -0.09755279622783042 -0.1341350948132667 -0.01306782825140007
 0.03056665846539852 -0.02469786004004204 0.4533293401217929
 -0.1565169164717686 -0.06213247290242933 0.6200987510891665
 -0.2653968065248016 0.2899530946730039 0.08656256024677081
 -0.4855503981664744 0.4549400943990127 -0.1677986054514172
 -0.4584488035769601 0.3270415780750295 0.001808318264014452
 -0.3101308648126192 0.2528201318998778 -0.2741003998223012
 -0.1175536372094605 0.001822537010999381 0.4866071428571428
 -0.3282380406086581 0.1657227892323844 0.2701876909646443
 -0.4049550497341128 0.2359777322903776 0.3197960129809921
 -0.6126020466578103 -0.4344239401336496 -0.3198350206224222
 -0.3876339832410651 -0.07565663269397985 0.3149401353461739
 -0.2849690127879474 0.07864998427395209 0.3052568697729988
 -0.4973669401493217 -0.04922744458815809 0.09632709632709635
 -0.3461053766253365 0.2636197152073819 -0.2750853242320819
 0.414313693636469 0.02612789058968724 0.003428571428571447
 -0.478111812411304 0.2951867129611342 0.2140213368168953
 -0.5542917510731007 0.1940231566018978 0.06804123711340204
 -0.3950789907714803 0.005267719876953125 0.0225806451612903
 -0.7338580861452486 0.09676473320683249 -0.2952710495963091
 -0.3455785967523051 0.02148675212967699 0.4290935672514621
 -0.5824431952911127 0.2093925882994223 -0.0170236133992312
 -0.3640949811790858 0.2010673776660623 0.2823072656683305
 -0.3061862178478972 0.1992640465359331 0.4565217391304348
 -0.2250664246562211 0.1024405475453204 0.3667078697981047
 -0.343828158728669 0.05336578960311936 0.3657018362900716
 -0.3483891001954273 0.003875774909467083 0.1990154711673699
 -0.2260258775529542 -0.2715814807806814 0.3776824034334764
 -0.7556869053892763 0.4592397371393338 -0.2836824411688647
 -0.09452455427905812 -0.01195138042608779 0.4251497005988024
 -0.1561993459166085 -0.01549084422313471 0.5393939393939394
 -0.2052315094917793 0.04281808471411223 0.6540084388185654
 -0.2339622342251761 0.188118282924297 0.3933526944175542
 -0.3022226422123258 0.00693625736225012 0.3948220064724919
 -0.09625100031786346 -0.05107195935233572 0.6680032076984763
 0.04500374855507151 -0.06604446216523482 0.71271772846576
 -0.190124665866949 0.1311088965678607 0.3889117043121149
 -0.02943046614157414 0.053293006256364 0.386913459977269
 -0.3136393951277887 0.3255967960754735 0.2740945972689491
 -0.2804412239417714 0.2161005940099934 0.3784439685938616
 -0.2632488976475492 -0.01274994660971035 0.5174525413349663
 -0.1579422119215398 0.06465470663454845 0.4208144796380091
 -0.5159367843917937 0.3310513700975486 0.08634657182375027
 -0.5113539425544297 0.4036565407756192 0.0954328561690525
 -0.5189325028096647 0.3590553071990622 0.1119842829076621
 -0.6006611879134029 0.566979252142558 -0.1639007428481112
 -0.6386555687160311 0.5325404896062906 -0.2009626955475331
 -0.4479587941516631 0.1983499138283484 0.2635235732009926
